   20    7    2    1    1
   20    9    8   13   15   12   18    8    8   13   20   13   12   17   17   15   12    7   17    9   13   10   14   11   15   13   14   45   43   82  102
   13    3    5   13   11    4    7    3    2    4    6    0   12    4   13   12    9    6   14    9    0    9    5    7    9    1    1   10   17   79   91
    2    6    7    3   13    7    2    8    3   10   19   10    1    1   10    8    2    0   16    7    6   10    9    2    9    0    5   41   37    2  102
   20    0    5    2   15    1   10    3    7    1   10   10   11   12   15    9    0    7    4    1    8    6   12    7    5    0    3    9   42   69    5
   20    5    4    8    5    9    1    0    4   11    9    3    9   10    1    2    6    2   12    3   12    2   12    5   13   11    8   24   43   48   43
   11    1    0    0    4   10   17    6    3    5    2    7    4    9    3    8    5    5   14    2    6    4    5    5   12   11   12   11   26   69   40
    3    0    3    4    6    9   17    8    8    5   17    1   11   17    0   11    0    0    7    8    2    9   14    0   14    7   11    8    6   48   39
   10    2    0    1    6    3    2    6    4    9    3    3    9   11   17   11    2    2   13    0    6    8   12    5    6   12    7   30   37   80   30
   16    2    4    4    9    2    3    7    3    2   19    8    7   11    0   12    6    3    2    2    6    3    7    5    0   11    4   28   15   58    2
   16    4    3    9    1    9   15    5    5    3    3    0    5   14   14   14    6    7    6    1   10    7    5    1    9   12    5   20   33    9   61
   15    0    4    6    2    4   12    2    4    7    5   12    6    8   10    9    9    7    6    0    0    5    7    6    5    3    6   22   14   82  100
   16    0    4    4    7   12    1    7    2    2   13    6    5    6    7   15    1    3    7    7    9    5    2    2    5    9    4    3   36   76    2
    7    1    6    9   12    9    3    4    2    0    9    0    0    3    1    2    9    1   17    2    6    6    4    7    8    6    1   11   21   37   25
    0    2    5   10   10    4   11    0    1    6   13    5   10    7    9    7    2    7   11    8   13    1    2    4   12   10   12    0   28   37   98
    0    4    8    4    6    5    0    7    6    9   18    8    6   12    5   13    0    7   12    3    3    5   11    2    7    9   14   13   34   32   97
    6    9    8   10    7    5   13    0    1    8   20    8    7    3    5    9   10    0    0    8    8    4   10    4    4    8    7   18   17   57   41
    0    6    4    5    4    4    8    7    5   12    6    4    7    8   14   15   11    6    1    1    8   10    8    7    8    6   14   21    3   19    9
    6    1    1   13    8    4    6    1    3    0    1    8    5   15    2    1    1    2   14    0   12    4   14    5   10   13    6    6   21   54   41
   10    8    1   10    5   12    6    2    3    0   17    7    0   12    0    6    7    0    1    0    7    1    3   11    1   12    9   14   12   40   94
    3    4    2   13   10    1   11    4    3   10   15   11    0    5    2    1    0    0    5    3    1    4    2    1    9   13    8    9   20   49   21
   13    6    0    7    7    6   15    3    8    2   15   11    3    4   12    7   12    6   10    5    0    9    6    7   15    0    1   23   20   30   94
    2    0    4    4   15    6    0    5    1    7   12   12   10   14    7    2   10    7    6    4    7    6    9    7    4    2   14   43   35   29   10
   20    4    8    9    1    9   12    5    4    8   16    9   12   17   12    3    2    4    3    5   10    8    6   10   10    0    2   25   36   32   31
   10    0    1   12    9    0    4    4    3    7   13    1    8    1   16   12    4    1    1    2    4    3    3    6   14    5    6    1    7    6   39
    1    2    4   10    6    3    3    6    2    9   14    9    8    8   13    5    5    3   14    1    0    2    7    4    5    5   13   39   10   29   58
    5    2    0   11    9    8    1    8    1   10    9    9    7   11    3   11   12    3    1    5    6    6    4    1   15   12   11   44   22   35   20
    7    8    7    6    9    2    4    2    7    8    1    0    9   17   17    5    7    0   16    5    7   10   11    6    4    2   13    3    9   62   96
   17    9    4    8    9    6    2    4    6    1    0   12    4    1   11    4    9    6   12    2    7    2   12    8    4    5    1   37    8   34   76
    9    1    0    6    1    0   10    3    3    0   15    9   11    1   10    4    0    6    6    6   13    1   10    1    3   13    2   16    6   34   62
    9    3    4    0    0    8    6    8    8    1   20    0    4   15   16    4    2    7   17    7    6    8    3    1   12    1   13   24   32   21   93
    3    4    6    8   13   11    4    3    3    8    1   11    5   17   16    4    0    3   12    7   10    5    7    6   12    5   13   22   42   15   66
   10    2    5   11    2   10    0    6    0   11   13    4    0    8   17   12    6    4    5    8    2    4    7    7   13   11   10   12    9   44   54
   17    6    5    2    4    4    1    2    2    7    4    9   11    5    4    7    1    2   14    6    4    0    2    9   15    7   12   16   39   75   29
   13    7    5    5   10   11    3    3    7    4   16   12    5    4    5    0    2    5    7    5    5    4    2    6   10    2    4   36   24   33   18
   11    9    3   11    8   11    6    2    7    4    6    2    8    9   14   10    2    6   12    4    3    7    1    9    0    6    8   18   11   69   68
    0    4    8    2    5    0    4    3    5    7   13    5   10    9    9   11    5    0    7    9   10    3   11   11    9    0   13   19    1   33   14
    9    6    4   12    5   12   11    3    8   13    1   11    2    9    3   15    6    6    4    5    5    5    5    6    7   11    5   22   10   74   44
   19    3    4    9    9    0    7    5    3   12   12    5   10   11    7    5    2    7   11    7   10    9    1    3    8    9    0   22   41   73   52
   13    7    5    3    7    3   16    7    1   11   20    4   11    0    4   12    4    4    6    7    1    0   14    8    8    4   14   29   14   81   82
   10    4    2   11   14   11   13    4    3   10    0    2    8    1    8    8    1    7   16    3   12    9   14    9    6    4    5   36   24   59    1
   15    0    1   12    5    5   10    3    8   10    3    9    2    9    5    9    3    6   15    6    1    5   12    7   12   12   11   26   32    3   46
    1    9    2    8   11    1   12    5    7    4    3    7   12   10   11    6    1    1    7    5    3    9    1    3    2    8    7   26    2   78   19
    3    3    8    1   15    7   15    1    5   12    9   12    2    6   16    5    3    3    8    6    8    5   11    0   12    4    5   24   27   22   15
   19    4    3    6    3    2   17    4    0    6   19    1    6   14    0   10    4    3   13    6    0   10   10    5    8    9    3    7   22   68   97
    5    0    8    0   11    3   17    4    2    7   13    1    0    9   10    0    1    3    1    3    8    1   13    5    2    5    1   40   42   74    6
    3    1    3    3    0    6    1    2    7    1    3    4    6    7    2   14    0    1    7    6    4    0   10    6   15    3    2   12   26   15   17
   17    4    8    9    9    7    2    1    4   10    1   11    0   11   11    3    0    4    8    5    4    5    8    5    8    6    3   17   22   46   28
    1    5    1   11    1    8   15    5    2   13    0    7    1    1   13    5    3    6    3    6    0    1    2    2    1    8    5   35   11    3   12
    0    0    4    2    7    1    2    2    1    4   17    6   11    6    7    8    1    1    0    6    3    2    7    3    1    9    5   22    8   78   82
   15    0    4    5   14    6   12    3    1   10   15   12    0   17    7    2    1    2    8    9   10    8    5    8    5    6   14   44   38   65    7
    0    8    4    7   11    5   13    2    3   11   19    7   10    4   14    1    9    6    7    8    9    3    6    9    5    5   14   30   26   72    4
   10    6    8    0    4   10    9    3    2    8   15    1    3    4    9    0    3    2   13    4    8    6   13    7    0    9    2    2    4   67   10
    7    8    1    6   12    6    9    0    1   12   20    0   11   10    5    4    3    2   14    8    4   10   13    2   14    6    7    4   34   82   58
    4    8    4    3   15   11   13    2    5    8    7    8    9    2   15    1    2    2    9    5    2    6    1    4   15    4   10   20   14    1  101
    0    9    3    0    8   10    0    5    6    8   14   11    4    1   12    3    3    6   11    8   12    3   13    3   15    5    0   42   40   80   85
   10    0    1   10    4    2   17    8    4    4    8    4    2    7    0    3    5    4   15    0    6    2    6    2   13    3    9   28   12   47   41
    8    8    5    3    1    0    0    4    2   10    3    0    8   10    0    8    0    0    8    8    0    1   11    5    4    3   14   20   20   48   53
    8    3    8   12   10    4    5    5    1   13   11    7    5    9    2    9    5    7    3    4    3    9   12   11   10    2    9   30   38   15   74
   13    6    5    3   12    3    4    8    5    1   17    3    0    8   14    6    0    2    9    4    2    6    3   10   10    8    8   24   17   25   19
   14    4    7    6   10    3    8    4    5    1   10    5    1    9   15   10   11    7   13    0    1    6   14    9   11   10    3   36   19   15   36
    9    1    4    9    3    4    7    5    6    3   10    5   11   14    1   14    2    7   12    4    5    8    6    3   14    9    9   43   35   79   78
    8    6    3    9    6    2    0    0    0   11   10    1    8   10    2    8    8    4    4    9   13    0    7    8   12   13    3   24    7   13   67
    9    2    5    2    3   11   12    5    3   10    9    4   11    4   11    4    5    7    5    4    2    8   13    8   12    1   14   28   31   33   19
   18    4    4    2    6    4    6    6    5   10   13    1   11    4   12    5   10    4   10    4   12    0    8    5    1    5    5   18   35   80   37
   12    7    8    5   14    0   18    4    2   12   11    4    8   14    1    4    4    6    3    2    9    8    5    3    4    1    9   16   40    3   83
    1    3    8   12    8    2    8    3    4   10    4    2    8   15   15   15   12    2    6    1   12    3    9   10    7    4   12   31   11   38   86
    7    8    5   10    2    7    5    6    7   13   19    2    1    0    5    8    0    7    1    1    7    0   11    6   15    3    2   43   29   80   91
   14    5    8    0   11    5    3    3    8   10   12    1    0    4    3   15    9    5    3    0   13    6    5    6    8    1    2   37   27   82   65
   13    4    7    1   12    2    0    0    1    1    7    2    2   10   12   12    8    3    6    1    8    0    7    0    9    6    4   31    6   75   94
   11    8    5    2   15    4   12    3    0    3   12    3    9   17   10    8    4    2   10    3    6    7   14    7   13    9    8   33   13   36   19
   20    8    6    8    6   11    4    5    3    5    0    9    6   15    8    4   10    1    1    3   11    3    6    3    0    8    2   19   22   48   94
   18    2    7   10    6    5    2    7    3    8    6   12    5    8    7    6    2    6   13    6    9    7    1    6    5   13   10   18   38   23   11
    3    5    0    4    0   11   17    0    0    5    0    6    6   14    4    3    2    7   17    2    2    0    5   11    1    2    8   36   43    4   11
    7    1    2    5    9    8    3    6    2   11    8    0    2   13    9    7    9    3    7    6   13    6    8    2    3    3    8   17   31    2   19
   12    2    8    9    4    3   11    0    1   10   17    5    8    1   17   12    5    5   12    9    1    1    2    6    4   10   12   23   41    8   29
    0    2    8    8    6    7    0    1    7    2    0    2    2    3    5   15    8    7   14    6    5    7   14    9    8    6   11    9    7   43   87
   14    8    8    7    6    7    4    8    6   13    5    7    7    0   15   13    7    3    0    3    9    3    3    6    5   13   11    0   12   45   36
    3    9    8   11   15    6   10    4    2   12   20    7    6   17   11   10   12    4   10    2   10    6   13    3    8    8    4   22   33   24   21
    7    9    5    6    0    2   12    4    7   10    3   12    1   13   14    4   12    3   15    7    0    3    0    3   10   11    9   23   33   68   12
   18    1    8   10   10    8   15    1    8    7   18   12    3   16   17   10    5    2    6    0    0    9    3    5    9    5   13   12   34   80   23
    3    4    4   10   10    0   17    4    5    8    2    7    9   15    6    3    6    3   10    5    6    4    1    4    2    0   12   26    1    5   61
   14    4    2    9    4    7    8    4    4    6   10    4    7   17    8    5    7    5   16    1    6    0   14    7   12    6    8   38    7   19   71
   11    0    8   12    2    3    6    1    0    5    3   12   12    9    5   14    6    7    0    8   13    6    9    3    0    6    8   33   20   71   94
    2    4    7    0    6    5   18    7    3    0   14    4    4    5    7   11    9    2    2    9   13    1    3   10    3    5    8    5    8   38   39
    2    7    8    6   10   11    2    7    1    2    8   12    4    7   16    3    6    3    0    9    1   10    5    5    5   13    7   38   28   25   26
   18    5    5    1    6    1    3    2    0    1   14    7    2   13   16   13    7    1   11    1   11   10   10    1    6    0   13    9   41   42   59
    9    9    6    7    5    6   14    1    1    4    3   13    6    8   16   14    8    2   17    8   10    7   10   11    3    2    1   10   40   34   25
   20    6    4   10    0    5    8    0    0    5   16   11    9   15   16    3    2    7    2    6    7    4   11    8   12    0   13   14   24   20   26
    7    0    4   11   10    8    1    8    2   10   18   12    2    2   17    1   11    4    7    7   11    5   13    5    9    3    1   13   15   70    3
   15    1    7    3    2    5    1    2    2    8   12    0    0   15   12    9   10    0    7    9    8    4   13    8    7    9    0   12    9   30   21
   16    2    6    2    9   12   13    3    1   13    5   12   10    8    4    8    9    7    4    3    7    5   11    4   13    6   10   27    9   36   29
   11    3    6    6    7   10    8    8    0    6   16   11    7    8    0    7    2    7    1    1    7    8   11    8   14   11    5   28   23    8    1
   17    1    7    5    8   12   14    2    4   10   16    4    5   17    2   14    8    5   16    9   11    7   12    7    3   11    8    8   15   76   65
   15    9    7    9   10    2    4    3    3    4    8    0    8   13    7   11    6    5    3    1    6    3    8    2    9    5    4    7   23    8   56
   19    7    3    6    9    5   14    1    4    2    2   11    5    4   11    8    7    2   17    9    2    3    0    4    0   12    4   15    0   35   43
   20    2    8   10    9    8   11    2    0    3   20    0   12   17    9    2    9    2   10    7    3    8    3   10    8    8    4   37   33   29  100
   18    1    2   12   14    8   18    6    2    0   13    3    2    7   15    4    0    2    3    3    3   10    6    5    6    3    8    9   30    1   33
   15    2    0    8   13    5    5    8    1   11   16    9   12   14   15    7    7    2   16    8   12    5    8    3   13    6   14    7   27   30   68
    2    7    3   12    3   11    8    1    3    3    9    9   11    0   10    4   11    6    7    2   11    6   13   11   14   12    8   36   13   34    8
   19    2    4    4    8   11   16    6    5    8    4    3   12   17    1   11    9    6    2    7    5    6    2    3    9    3    3   41   30   22   54
    0    1    0    3   10   10   16    0    2   12    9    6    4   11    1   11    4    6    9    1    4    4   12    0   12    2    6   36   13   61   50
