   20    7    2    1    1
   10   10    9    8   14    7   18   14   12    6   12   17   16   17   16   11   11    5   18   13   15   13   14   13   14   12   13   46   49   84   95
    8    6    0    3   11    1   12    4    2    6    3   13    1   10    0    9    4    5   17    3    2    1    2   10    4    0    3   20    3   76   68
    5    8    3    1   13    4    1    4   12    3    5    2    1    8    5    1    9    5   12    1    1   13    8   13    2    0    9   42   46   66   74
    6    7    1    4    6    4   17   11    3    0    8   17   11    4   12   11    1    3    2    5   11    4   13    3   10    0    7   22    7   80   35
    7    4    3    4    5    5    5    6   12    6    5   11   11    3    6    9    2    2   17    5    3   12    8    2    5   11    6   25   44    5    6
    8    5    5    0    0    1    8   10    9    5    2    0    2   14    9    4   11    0    3   11   13    6   14    2    6    0   12   17   12   20   64
    3    6    2    7   11    7    0   13   11    1    9    7    8   14   12    8    6    3   12    9   12   11    9    0    5   10   10   35   38   42   33
    6    3    0    3    5    2    5   13    0    2    1   10   15    8   12    0    4    0   13   12    9    2    7    3    1    8    6   16    1   14   79
    2    6    0    8   11    0   11    6    8    2    2    3    9   12    5    6   11    0    1    3    0   13    8   13   12   11    3   37   28   10   88
    7    7    5    8   13    4   10   12    9    4    8   15   10   10    1    4    2    3   13    7   10    2    5    6    5   12   13   22   21   44   26
    0    4    2    6   13    5    2   11    4    4   11   16    9    7   13    2    8    1   15    8    6   11   12    3   12    4    5   18   39   34   21
    3    8    8    0    4    7    9   12    3    3    4   15   10    0    8    7    2    1   11    2   10   12    7   12    4   12    2    9   20   18    4
   10    6    3    8    1    3   17    1    2    1   11    7    9    6   13   10    1    0   15    9    6    7    0    1   14   11    3   36   20   19   16
    2    3    9    3    6    5   17    8    1    1    0    9    5    7    2    1   11    1    4    1   13    7   11    5    6    2    0   12   22   14   37
    4    3    6    4    2    6   10    9   12    6   10   10   10    1    6    7    7    4    1    3    5    3   11   10   12    2   12   25   34   30   77
    6    9    5    7    9    5    3   14   12    4    9    4   12    8   12   10    6    0   15    3    5    8   13    3    6   10    9    8   27   58   60
   10   10    0    6   12    1   18   11    2    4    0    0    7    3    7    0    0    4   17   13    6    7    9    6   10    2   10    4    8   53   10
    5    9    0    6    2    0    4    6    1    0    5   12    8    9    5    7    8    3   14    3    7    3    3    3    8    0    6   31   24   41   13
    5    3    1    0    9    3    7   13    8    3    2   11    0    8   16    8    6    2    8    8    3   13    5    5    9   10   11   11   27   35   68
    7    0    9    8   10    5    1    6    5    1    3    0   13   17    0   10    1    1    0   12    5    0    1   11    7    1   11   34   14   49   31
   10    0    6    5    4    1   15   10   11    3    4    2   16    5    7   11    2    1   16    6    0    1    7    7    1    5    3   38   39    8   12
   10    5    8    7    4    6    3    4    6    4    7    9   15   16   15    4    8    1   15    4    6    2    9    8   10    0   12   21   42   69   60
    1    7    9    2    4    0    6   12   11    2    7   12   11   17   12    8    7    5   14   12    3    2   13    8    6    9    8    9   13    9   86
    7    0    2    4    4    6    1    0   10    0    0   14    7   13    4    2    5    5    7   12   12    1    0    3    1    1    2   15   18   17   30
    9    2    4    4    3    3    3    5    2    6    8    4   15    8    0    5    4    1    4   10    8    9    9    7    6   12    4   20   18   73   40
    0    4    2    5   13    1    1    6    3    4   10    0    7   15    3    8    3    2   17    6   11    0   12    3    2    7    6    9    9   20   78
    2    0    9    8   11    7    1    5   12    6    9    8    5    7    4    8    1    4   12    6    6   12    6    8   14    3    4   27   30   35   50
    7    7    3    4    9    4   14   10   12    2    7   13   12    8   10   10   10    1    4    5    1    2    1    8    5    0    6   15   40   42   71
    7    0    2    2   13    3    1   13    3    3    2   13    6   11   12   10    0    0    6   12    2    0    9    9    4    1    0   45    2   13   63
    5    4    6    6    5    6   18   13    7    3    9    3    4    2    6    1    6    3    6    9    1    3    9   12    2   12   10   33    8    8   66
    7    2    0    8    8    1    9   12    8    5    0    5    1   17    9   10    1    0    3    9   12    0    3    6   12    3   13   46    1   23   30
    9    1    9    3    4    3    9   14    8    0    7    1   10    6    6    6    3    1    0    8    0   12    9    3    9    0    2   40    2   80   93
    8    4    4    0    9    0   10    2    7    1   10    2   15    1    7    9    0    0   18    2    7    0   12    7    9    0    8   11   33   35   94
    3    3    5    2    4    1   16    6    9    6    1    7   15   16    9    0    8    2   15   10   13    6   10   11    8    1    6   44   19   19   80
    2    2    3    6    1    5    5    9    6    3   11    5   10    7    9    8   11    3   18   13   12    0    6    0    3   10    0   39    5   33   68
    5    6    5    6    7    7    2   12   11    5    8   13    4    5   14   10   11    1    9    9    3    0   12    1   14    3   10   26   27   62   12
    2    2    3    1    5    6   17    3    6    6    8   16    3    7    8   10    7    3   18    9    7    4   11   10   14    2    5   31   13   60   26
    9    7    4    6    9    7    7    5    1    5    2    1   12   13    0    7    4    0    9    6    8    4   11    7   12    8    2   26   20   35   78
   10    8    4    1   10    1    5    4   11    3   11    8    7   10    4    9    9    2   15    5   13    1    5   10    6   11    9   45   16   72   86
   10   10    4    3    6    7    6   13    8    0    7    9    0    3   15    9    6    1    5   13    0    7    0    2   11   12    8   21    1   47   62
    4    0    9    5    4    4   13    1   10    6    5   12    0   11   12    0    6    2   13    0   10   10   13    7    1    4    5   36   35    4   52
    3   10    1    8   11    0    7    5    4    1   11   13    1    8    0    1   10    3   11    8   15   13    8    8   13    3    0   27    6    4   21
    0    5    5    6   11    4    9    4    2    5    5    9    6   16   10   10    5    0    6    3    6    1    9    7    5   10   13    5   15   53   48
    4    4    5    7   11    7   18    5    9    3    6    0    0   14   16    9    8    0   10    7   14   10   14   11    6    5    6   36    4   57    4
    5   10    4    1    0    2   12    8    6    3    3   17    0   15   14   10    0    2    0    4   10    9   13   13    8   11   13   21   10   72   10
    9    7    2    0    9    6    7    3   12    4    1    7   11    9    9    0   10    2    3    3    5    4    0   12    2   10   12   45   26   44   48
    1    8    5    0    2    1   18   13    8    2    4    4   16    9    9    8    6    2   14    7    9    1    1   11    8   11   11   14   35    8   93
    6    0    4    4    2    7    8    5   11    2    4   12    2    9    8    7    8    3    2    5    1    7    8    0    8    6    6   25    2    4   43
    6    8    8    5    8    7   13    0    3    2   11    5   16   14   10    3    3    1   11    9    0    6    2    6    9    2   13   13   22   27   89
   10    8    4    0    5    0    3    9    6    1    9    8   15    3    2    1   10    1   12    7    7    6    2   11    7    4    9   13    6   22   60
    3    3    8    5    2    3    3   14    9    0    3    6   12   16    6    5    0    2   13   11    3   11    7   11    3    4    0   13   16    4   31
    4    1    4    7   13    3    5   11    4    4    8   16   16   16   14    7    4    5   12    7    0    4   14   12   12    5    7   16    3   36   64
    0    0    4    6   13    2   12   10   10    2   10   12    9   10    8   10    0    3   11    0   11    0    5    3   12    2    4    5   38    8   62
    5    7    8    6    2    5    2    3    1    0    0    4    4   14    9    7    6    5    8   12    8    1    9    9    3    1    3   15   35   44   31
   10    8    8    6   13    3   14    7    9    1    6   15    9   14    6   11    2    1    7    4    9    0    8    6   12    3    0    1   25   59   63
    9    4    1    7    4    6    2    2    0    2    4    4    5    2   15   11    8    4   11    3   10   13   10    4    3    9    2    3   30   62   31
    6   10    1    4    9    3   16    4    7    2    9   14    9    5    8    4    7    0    1    4   15    0    5    9    7    8   12   38    9   70   62
    7    5    9    2   13    4    2    6    3    2    8   13    0   14    7    0    9    1   16    0    8   13   10    1    8    8   12   27   44   20    5
    5    5    7    7   13    7   18   12   12    4    4   15    2   15    1    0    6    5   12    0   12   10    9    2    7    7   13   33    3   64   12
    1   10    2    6    3    1    2    6    6    0    2   14    5   15    5    6    8    5   13    0    5   13    5    1    8   10    7   39   37   27   70
    4    8    5    8   11    6    9    8    2    4   11   13    2   16    0    3    4    2    5   11    6   12    4    0   14    6   10   26   21   77   11
    3    4    1    3   13    1   14    1   12    1    8    5   13   12    2    5    0    4    7    1    5   10   11   11   13    0    3   36    3   25   32
    2    7    6    0    6    4   16    1   10    4    0   17    0    3   16    1    7    2   13    7    0    9   13    1    3   10    1   26   42   54   18
    2    5    2    2   12    6    9   14    2    4    6   14   10    3    8    1    8    5   14   10   12   10    4   10   14    4    1   25   27   22   91
    8    1    5    8    7    4   14    2    3    4   11    7    5    7   13   11    8    0    6    9   10   13    9    8   12    3    6   35   44   36   18
   10    7    5    1    9    0   15    9    3    4    3    1    1   10   13    3    9    1    6   10   13    8   12    8    8    9    9   29   40   46   48
    2    9    1    4   10    3   15    1   10    0    0    6   15    1    2    7    0    5    6    0   10   13    7    7    4   10    0   35   21   41   46
    6    7    4    5   12    1   15    6    7    5    4   14   15   13    8    7    5    2    6    1   15   13   11   13    1    5    9   43    8   58   60
    4    3    2    7   10    5   10    9    1    4    8   11   11   17    8    0    3    5    3    6   14    9    5    8    8    5    4   33   34   45   66
    5    3    5    0    3    6    6   13    4    3    6    7    9   10   15   11    0    5    1   13    3    6    7   11    0    5    4    0    2   53   71
    2    9    3    5    9    1   18   14    7    0    5    5    3   17    0    6    3    1    2    0   12    1    5   12    1   12    1   42   30   77    2
    5    6    4    7    0    0    8    5   12    2    0   15    6   15   13    1    5    4   18   13    7    6   11    8   12    6   12    7   25   54   17
    7    7    2    1   12    1   17    9    0    4    4    4    4   13   11    3   11    4   14    2   14    8   11    9    2   12   12   23   37   41   50
   10    7    7    8    8    3   16    2    2    1    4    9    8    7   14    3    9    2   12    1   13    0    2    6   12    6   10   27   23   44   86
    0    3    1    1    5    0    2   11    1    0   10    7    6    3    7    5    2    4    6   11   13   10    3    4    4    6    5   32   18   31   32
    9    3    8    1   10    1    5    4    6    1    4   16    2    0    7    2    4    2    0    0    1    6    0   13    1    5    7   29    2   59   10
    3    4    9    8    3    0   17    3    1    5    9    9   12    1    8    4    6    3    4    6    8   10   14    9   10    0    0   39    8   38   69
    4    1    7    2    4    7   13   14    3    5    4    8    3   12    9    6   11    1    9    7   14    3    8   13    3    3    8   32   43   27   58
    4    2    8    4    3    1    2    6    3    3    6    7    3    6   14    7    8    5   11    6   11    0    7   11    0    6   11    8   20   18   80
    1    9    9    2    8    2    8    0   12    3   12    3    0    4   14    7   10    2    4    0   10    9   11   13   12    6    6   30    1   21   58
   10    5    0    6    7    0    6    1    4    4   10    6    7   11    0    3    3    4    5   12   11   10    0    3   13   12   13   41   38   17   21
    4   10    6    8    1    0    0   11    1    1    4    8    6   13    4    1   10    3    6   12    0    0    1   13    4    9    0   30    9   64   66
    6    3    3    5    8    7    7    3    8    1    2   15   13    4    1    9    1    0    5   10   15    9    8    8    6    6   12   11   34   76    4
    8    3    7    5   14    4   13   10    6    4    2    0    6    6   10    5    3    0    7   11    7   13   13    9    4    3    6   46   16   23   50
    5    9    7    7   14    1   11    6   12    5   12   12   10   16    0    9    0    1   12   13   12    7    1    1    6    0   10    8   18   62   68
    9    7    3    3    2    2    2   12    8    3    7    9    9   10    2    0    4    5   14   10    8    7   10    0    2    6   12   37    6   73   37
    0    1    1    6   13    1    4   11    1    6    1   11    4   17    4    9    5    4    7    0   12    5   11   11    9    2    2    1    5   38   63
    2    2    8    0   11    3    1    4    5    1   10    0   13   17    4    0    5    5    6    9   15    4   13    7    2    3   13   18    9   13   55
    2    8    9    5   14    1    2    7    8    6    2   10   12   12    4    2    5    1    6    5   10   10    3   13    9    6    6    4    4    6   35
    9    6    9    1    1    3   15    9    1    1    4   15   14    2    3   10    9    2    5    3   11   13    2    7   14   10    4    1   44    5   65
    8    2    9    8    8    3   12    5    0    1   10    6    3    7    7    7    0    2    5   13    8   11    3    3    6   11    5   24   21   23   51
   10    7    4    4   13    5   16   10    5    6    8   12    8    2   12    8    1    3   14    6    5   13    3    7   10   10    5   35    4   34   82
    9    8    0    2   11    7    1    3    3    4    4    3    5   12    6   10    2    5    2   11   14   10   12    4   13    6    9   23   25   22   68
    5    1    5    1    5    5    9    7    9    5    7   13   12   16    5    4    9    0    5    7   13    5    0    1    6    2   10    1   36   40   10
    2    5    6    5    3    6   11   11    6    3    8    4   11   15    2    4    5    3   13    2    8    9    6    9    7    6    8   40   48   18   37
    3    1    5    8   11    7   18    4    2    3    2    6    7    0   15    5    4    0   17    4    3    7    4    1    2   10   10   14    6   12   15
    6    2    6    6   13    1   12    4   11    6    2    2   16    0   10    1    1    0   17    5    7    0    0    7    3    4   13   37   40   33   52
    7    2    3    7    4    4   15   13   11    4   11   10    8    4   13    0    9    5   17    5   12    7    4    8    6    6    7    0   31   17   45
    3    6    1    4   11    3    7    1   11    0   12   14    5    4    8   11    4    2   14    9    1    9    1    6   14    5    4   23   21   81   51
    7    6    1    3   14    1    5   13    6    1    1   17    5    6    3   10    8    3   17    7    2    5    7    5    5   11   12   35   37   79   76
    1    8    4    4   14    6    7   13    5    0   12    8    2    5   12    8    7    4   14    3   15    5   13    9    4    6   10   40   33   29   85
