   20    7    2    1    1
    9   17   11   10    5    5   17   13   19   12   11    6   10   16   16   10   15   15   16    5   15   11   12   15   14   13   15   51   41   86  102
    9    8    3    9    3    0   14    4    0    1    3    4    7    5    2    0    9   11   13    1   15    9    7    2    0    3   13   30   13   13   89
    9    5    8    9    2    0    5    0   19   10    9    5    6   16    8    2    0    2   10    3    9   11    8    7    1    4   11   38   32   12   44
    6    9    3    5    1    3   16    3   13    2    6    6    1    3    1    7    5    1   16    3    0    0   12    2    2   11    3   46   18   38    3
    8    4   11    2    3    4   17    9    3   11    2    4    5    1    9    8    6    2    1    1    3    9    8    2   13    3    3   34   18   25   49
    2   13    3    3    0    4    1    1   13    4    3    3    2    5   13    5    5   11    2    5    3    8   12    0    3   12   13   15   37   84   72
    3   17    1    3    4    0   17   13   18    2    4    5    8   12   10    1    7   14    2    0    2    8    2    8    8    1   13   10   41   59    2
    0    6    6    6    2    4    0    0   11    1    3    6    0   11    9    5    8    8   15    3    4    5    3    4   13    0    7   22   17   18   30
    4   12    9    6    4    3    3   10   19    4   10    6    1   12   13    8    4    4   13    5    2    7    8   12   10    8    0   34   34   74   91
    2    6    6   10    2    2    4    4    1    3    5    1    5    0    5    2    7   11    7    3    3    7    0    3    2   13   12   15   12   59   48
    8    2    8    3    0    3    1    3   13   10    8    2    3    2   10    6    1    3    3    0   13    7   11    6   14   12    0   26   29   79   31
    5   17   10   10    4    5   16    4   17    5    5    4    1   14   12    8    0    0    2    2    0    3    1   14    5    1    7    7    5   23   66
    4   13    9    1    4    3    7    4   19   11   10    0    8   14    2    0   13   13    3    5    6    8    5   10    8   13   14   35    1   21   28
    2    5    8    7    2    0    4    1    0   11    7    6    0    3    9    7    2    6   14    3   14    2    7   11   11    7    5   19   24   83   13
    4   14   10    5    3    5    7    3    1    4    2    1    8    5    3    2    7   14   11    3    3    7    7   15    0    3    9   42   12   81   23
    6   13    1    7    1    2    9    3   15    3    7    2    7   14    4    7    4   13   12    5    1    0    4    5   12   13    1    2   14   48   65
    2   13    5    3    2    2   14    5    7    8    8    2    2    2    2    3    4    0    7    5   15    9   11    8    9    8    6   13    9   49   38
    4    7   11    1    5    4    4    2    1    1   11    0    1   11   13    5   14   10    0    3    3    7   12    0    0   11    0   21   13   45   21
    1    0    6   10    0    0   12   10    5    1    4    2    0    7   10    8    2    9   12    2   11    5    4    1    2   11    5    8   35   27   98
    0   11    2    2    5    1   13    8   16   12    1    4    4   11   13    2    0    3   16    4   15    9    5    3    9    7   10   47   11   61    4
    8   11    3    1    2    5    5    3    0    4    6    0   10   16    8    2    6   13   11    4   15    8   12   14    3    5   12    4    0   32   14
    5    2    9    8    4    2   14    4   19   12    0    6    3    2   12    4    7    2    1    0    8    3    9    8    2   12   15   14   21   77   83
    5   17   11    1    0    5   15    6    4    0    8    4    9    5    7    2    4    7    1    1   11    9    8    0    2    3    5   42   31    1   38
    7   15   10    4    3    4    1   12    4    4    0    5    1    3    6    3   12    7    0    1    4    4   11   12    2    1   13    5    8    9   55
    1   15    6    6    1    1    0    6    0   10    6    4    3   16    4    9    2    9   15    2   12    9    4    5    7   10    5   29   26   59   14
    5    3   11    1    0    0   15    8    1    6    4    4    4    5   16    4   14   14    6    4   12    4    3    9    5    4    5   12   28   73    1
    9   10   11    6    3    0    2   11    0   12    8    2    4    8    9    1   13    4    1    0   14    9    2   10   10   10   12   51   20    2   63
    0   16    8    7    4    2   13    6   14    8    9    3    7   13    3    1    5    6    6    2    3    7   10   10    0   11    0   10   25   43   73
    9   12    8    0    5    5   16    1    1   12    8    1    9    6   13    2    7    9   14    0    5    5    8   11   10    9    9   47   16   11   32
    0   17    0    9    4    5    0    8    4    8    8    4    1    9    5    7    0   15    0    5    6    9    8   14    1    2    9   29   18   72   41
    8    5    9    9    1    1    0    6   12    1    3    6    6   11    1    3   15    5   10    3    3    8    6    3    2   12    7   46   32    6   58
    5   11    2    1    5    2   11    0    1    3   11    5    2   16    0    5    9    7    0    3   11    0    5    0    4    2   14    0   37   28    6
    6   10    9    6    0    0    3    6   15    5    5    0    5    3   13   10    2    6   13    1   14    8    3    1    2    2    1   38   40   17   47
    1   13   11   10    0    1    4   13   13    0    6    5    8   16   13    3    6    3   13    0   15    9    3   15    1   11    2   20    9   22    7
    7    7   10    5    2    3    9    8   11   10    0    2    2   15   16    4   12    2   13    0    9   10    2    2   11    1    0   29    3   68   26
    6    6    8    9    5    3    1   13    2    2    1    5    6   13    7    5   15   11   11    4    9    0    1    2    1   13    1    8   27    3   62
    2    3   11    0    2    3    6   12    8    5    6    1    1   14    9    0   14    5   12    3   11    4    8    8    1    0    8   45    5   12    6
    0    7   11   10    1    1    2    3    4   10   11    4    2    5   15    0    9   15   10    5   14   10    6    5    8    8    5   35    5   57   99
    1   12    8    4    4    0   16   11    9    6   11    0   10    8    3   10   14   11    1    2   14    1   10    4    6    6    9   50   39   47   99
    2   13    3    0    3    3    9    4   16    4    0    3    1   10   12    4    7   14   12    1   13    9    9    6    4   10   11   23   17   31   52
    8    1    6    0    0    5    8   11    0   12    2    2    2   13   14    9    1    8   13    5   14    2    8    4    3    4   10   16    7   82   21
    5    9   11   10    3    3   14    5    3    6    4    1    7    6   15    3   12   13   13    3    6   10    3    3    0   13    3   14   20   18   45
    3    6   10    5    5    3    1    8    7    7    9    5    5   11    5    7   13   13   16    4    1    4    4    6    9    2    0   42    4   14   71
    1    2    2    9    0    1    4   12   11    5   10    2    2   16    2    3   15   15    1    1   13    4    3   12   13   13   15   39   39   38   85
    1   15   10    8    5    0   12   12    9   11    9    5   10    2    4   10    8    9   16    5   10   10   12    7    3   13   11   23   10   27   11
    5   13    9    1    4    2    1    3   12    1    7    5    1    0    8    7    6   12   14    0    2    9    0    0    3    3    1   16   26   38  100
    9    3    2    8    4    0   17    0   18    6    4    4    6    7    3    2    7    0   10    2   13    8   11    3    3    4   11   14   40   83   91
    9    0    1    4    4    1    9   11   18    2   11    3    1    5    1    7   15    9   12    4    1    6   10   11   13   11    7   46    4   39    3
    8    7    2    1    0    5    1    8    9   10    6    4   10    6    5    6   14    6   14    1    6    8    3    8   11    9    5   40    3    2   19
    5   10    3    8    2    4    5    8   15    8    7    2    4   16    4    5    8    0    1    4    0    9    0   11    4    1    8   17   31   57   15
    1    6    6    0    1    5    4   13    5    3    3    0    3    1    6    8   11   11   11    5   12    7    5   13   12   12    2    0   34   53   77
    2   11    4    2    1    1   10    6    0    8    4    6    4   14   11    6    6    2   14    0    4   10    7    5    0    1    9    3   34   32   63
    8    2    8    2    5    1   12   13   19   10    6    4    5    7   15   10   14    7    2    0    5    6    5   13    8    1    3    0   18   72   16
    6   15    4    6    0    1    1    2    4    9    7    3    8    1   14    2   14    4    1    4   11    9    9    5   11    3   10   39   28   52   39
    5    0    9    0    5    4   15   12    8    8    8    2    0   11   15    1   12   13   11    4    0   11    0    2    0    6   12   24   19   15   59
    7    4   11    5    2    0    3    6   19    6    5    4    3   10   16    5   14   15   10    3   14    6    7   13    9    1    9   18   40   60   97
    5   17   10    8    0    2   14   11    3    6    8    3    5    5   11    6    2    8   13    5    8    1    4   15    5    8   12   33   14   59   32
    7   13    4   10    5    2    2    1    3    4    7    0    1    7    5    7   11    2    4    2    3    8   12   15    8    5    3   23   41   66   64
    9   15    5    9    5    4    8   13    4    7   11    6    1    7    0    9    2    1    1    5   15    5    0   13   12   10   10    8   29   52   29
    1    3    2    3    4    2   11    8    2   11   11    6    7    6   14    2    8   13    6    2   10    3    0   13    1   13    7   14   28   34    8
    7   12    1    4    5    0   14    7   19    0    5    1    9    4   11    4    1   15   14    2    9    8   12    5   11    5   11   10   27    3   86
    9    8    2   10    5    4    0    4    1    8    9    5    9   13    1    2    5    3   12    4    3    5    7    8   10   11    9   41   31   67   72
    0   15    4    4    5    0    2    4    0    4    8    6    6   14    8    2   14   11   16    2    2    5   12    2    8    9    7   18   27   13   83
    3   10   11    1    5    2    2    8    6   12    7    3   10   12    7    7   14   13   10    3    8    6    1   11   11   10    7   11   13   52   41
    2   10    1    7    2    4   16    1   14    5    4    2    7    4    7    9   13   10    1    2    4    0    8    4   11    8    1   17    6   45   24
    9    3    1    0    2    1   14    7   19    4    7    1    6    2   14    2   12    1    9    3   10    4    9    4   11    3   10   50   11   67   67
    6    0    4    6    0    4   13    5    8   12    2    6    1   11   12    1    8   10    4    1   11    1    6    4    5    5   12    0   11   40   60
    7    9    6    6    1    4   12    2    3   12    2    3    6    5   12    4    4    6   12    1   15    6    9    3    0    1    7   18    7   53   87
    8    6    2    9    2    1    8    3    5    7    9    6    4   12    8    5    7    4    9    5    2    8    3   10    7    2    1   34    7   11   94
    5    3   11    8    4    0    0    7    8    5    0    3    5    0   15    5   14   10   11    5   14    5    2   13   11   12    3    9   39   78   59
    1    5    9    8    4    4   13   10   12    0    0    1    0   16    5    3    6   13    7    1    6    1    2    7    2    1    5   18   17   19   32
    1    3    4    3    3    5    4    8   11    3    0    5    0   16   15    9   13    7    5    0    8   10    3   15    0    5    5   15    5   53   81
    7    9    1    7    4    1   11   13   12    4    6    6    8    2   13    0    1    2    2    3    8   11    0   13    8    5   10    4   14   35   49
    9   10    3    5    0    5   16    9    6    6    3    0    4    6    1    9    0   14   10    4    5    9    1   11    4    6    3   47    8   52   50
    3    9    8    7    4    1   13    8   15    1    1    2    3   11   10   10    1    3   13    1    0    7    6   12    9   10   13   33   15   19   22
    9    2   11    1    3    3   12   12    1    4    8    4    9    3    1    4    6    3   13    1    4   10   10   13    4    1    3   16   29   32    7
    4    9   10    0    2    3   17    6   15   10    1    2    9    0    6    7    9   14   12    2    1    7   12    5    8    2    4   11   19   42   79
    0   16    2   10    2    3   17    5    2    8    9    5    1    6    6    0   13    6    7    2   10    3    9    2    1    7    3   13   14   44   93
    0   16    6    9    4    0    4   12   19   11    3    1    4    5    1    7    3    6   15    1    0    1    7    6    6   10    3   38    1    9   34
    8   16   10    1    4    1    0    2   11    5    6    3    0   14   15    2   12    5    7    2    9    3   11    6   12    5    1    5   39   74   97
    8    6    8    5    4    5    5    3   16    4    5    1    0   16    5    6   10    8   12    3   14    1    4    7    2    9   15   27   34   79   15
    0    8    4    4    5    2   17    8    2    3    9    1    8   13    9    4    3   13    4    3    6    0    1   14    9    5    3   34   11   10   52
    6   14    4    2    1    5    4    4    4   12    4    0    4   14    8    7   15   14    1    0   10   11   10   12    9    6    8   47   19   14   33
    7    7    8   10    1    5    3    5   14    7   11    3    8   15    7    6    8    1    2    1   11    7    3    4   12    8   14   11   16   58   72
    0    2    5   10    3    0    3    0    2    5   11    6    4    6   16    3   15   14    7    3   11    2    1   11    3    3   10   33    1   72   67
    3    4   11   10    5    3   14    7   11    9   11    2   10   15    5    1   15    7   16    5    9    3    2   13    2   12    7   36   21   66   15
    9   11    0    2    4    0    4    9   13   10    2    3   10    4   12    0    5   10   10    2    3    6    8   13    1    1    8   46    3   50   38
    3   17    6    0    2    1   10    6   12    2    5    1    4    0    8    2    4   12   16    4   10    4   12   12   14    6    4   14   19   11   94
    2   16    3    1    2    5   13   13    1   10    5    4    8   12   14    9    7   13   11    0    0    9   11   15   13    8   15   33   21   66   56
    0    4    5    6    0    5    2    4   18    9    1    4    3   13   11    7    5    0    5    4   10    1   12   15    1   12    0   32   29   83   65
    2    6    6    4    2    5    4    2    1    4   10    2    1    7    8    4    7   14    1    1    6    4    3    6   13    8    5    0   21   29   63
    8    0    9    0    1    5    1    0   13   10    7    4    0    3    5    7    9   14   16    4    5    8    3    8   13    6   15   38   25   63   79
    1   17    6    7    5    5   14    6   18    8    6    0    2   15   10    9    4    5   12    2    6   11    9    8    5    3   13   11   34   82    7
    7    9    8    0    4    2    5    0   13    6    2    6    9   15    4    6    5    4   15    3   15   10    5    6    9    6   15   31   38   77   90
    1    7    2    0    1    5    7    6    0   10    2    3    4    7    3    1   11    4   10    3    8   10    0   13    0    8    5   42   12   82   89
    8    2    7    8    3    5    0   13   12   12    2    0    0    5   15    3    3    4   13    2    2    2    8    8    3    0    2   43   16   11   86
    4    2    3    4    3    3   16    6    8    4    3    0    6   10   14    5   13   10    4    0    5    6    9   14    5    0   11   50    0   59   29
    5   14    4    0    3    4    4   12   12    6    9    1    7    2    6   10   10    2    7    2   15    4    3    5    7   10    3   29   37   28   44
    2    5   10    2    3    0   15    7    0    5    8    6    6   12   13    8    8    9   16    2    3   11    3    5   10    1   10   47    5   16   13
    2    5   10    3    2    0    4    9    1    5    8    4    6    4    0    7    0    7    0    0    4    1    7    6   10    5    1   22   35   78   81
    6   13    8    9    5    1    2    1   18    1    8    1    0   15    4    1    1   15   14    1    8    2    7    3    8    8    2   32   36    0   73
